test_iter: 7
test_interval: 60
base_lr: 9.99999974738e-05
display: 7
max_iter: 6000
lr_policy: "exp"
gamma: 0.999145448208
momentum: 0.899999976158
weight_decay: 9.99999997475e-07
snapshot: 60
snapshot_prefix: "snapshot"
solver_mode: GPU
net: "train_val.prototxt"
solver_type: ADAM
